1 0.2
3 0.2
5 0.2
7 0.2
9 0.2
11 0.2
13 0.2
15 0.2
17 0.2
19 0.2
21 0.2
23 0.2
25 0.2
27 0.2
29 0.2
31 0.2
33 0.2
35 0.2
37 -0.5
39 -0.5
41 -0.5
43 -1
45 -1
47 0.7
49 -0.4
51 0.8
53 -2
1 0.2
3 0.2
5 0.2
7 0.2
9 0.2
11 0.2
13 0.2
15 0.2
17 0.2
19 0.2
21 0.2
23 0.2
25 0.2
27 0.2
29 0.2
31 0.2
33 0.2
35 0.2
37 -0.5
39 -0.5
41 -0.5
43 -1
45 -1
47 0.7
49 -0.4
51 0.8
53 -2
1 0.2
3 0.2
5 0.2
7 0.2
9 0.2
11 0.2
13 0.2
15 0.2
17 0.2
19 0.2
21 0.2
23 0.2
25 0.2
27 0.2
29 0.2
31 0.2
33 0.2
35 0.2
37 -0.5
39 -0.5
41 -0.5
43 -1
45 -1
47 0.7
49 -0.4
51 0.8
53 -2
1 0.2
3 0.2
5 0.2
7 0.2
9 0.2
11 0.2
13 0.2
15 0.2
17 0.2
19 0.2
21 0.2
23 0.2
25 0.2
27 0.2
29 0.2
31 0.2
33 0.2
35 0.2
37 -0.5
39 -0.5
41 -0.5
43 -1
45 -1
47 0.7
49 -0.4
51 0.8
53 -2